global_epoch,train_loss,val_loss,val_acc,val_f1
0,1.2482837993107485,1.1644273591491412,0.0,0.37380278773896364
1,1.0509080407324802,1.0934130538184688,0.0,0.35128957789368187
2,1.0189386434769363,1.0356875185696583,0.0,0.44761474802089396
3,1.0137691436188945,1.0655009116766587,0.0,0.4707858221613916
4,0.9982882207699036,0.9651784019650154,0.0,0.4782965190777276
5,0.9639135245526774,0.9844388871822717,0.0,0.517551464065718
6,0.9438670475831192,0.9628365905779712,0.0,0.4624733935514414
7,0.9224291233534223,0.9376153091214737,0.0,0.45844875770026244
8,0.9131304132804442,0.9181115537319543,0.0,0.509383499239316
9,0.8949192483773393,0.8566094614424795,0.0,0.5310364319063766
10,0.8828235760163725,0.8960941130260252,0.0,0.5043685110789916
11,0.880299851331818,0.9165716891018849,0.0,0.5035695033462833
12,0.8559267767359702,1.0129658681041789,0.0,0.48334141478216447
13,0.8469014974122637,0.8456291353927469,0.0,0.5606519230813104
14,0.84428210928199,0.9261637858624728,0.0,0.4822230664973678
15,0.8299023462145516,0.8470443869536778,0.0,0.5166235623602673
16,0.8228322259495767,0.836665688820605,0.0,0.5155212384548408
17,0.8102379955602496,0.8518223087742643,0.0,0.5265674491448894
18,0.7937246398979358,0.8875914395980116,0.0,0.5333213687215752
19,0.7975187668639623,0.8573267347407791,0.0,0.5412488498060261
20,0.7913463115692139,0.8335336311808172,0.0,0.5524256002563451
21,0.7812847958521897,0.8318286234477781,0.0,0.5674023247792993
22,0.7703635906905271,0.8461059196940008,0.0,0.5528881444190472
23,0.7705067887734831,0.8125738928902824,0.0,0.5568758376963205
24,0.7497813298461142,0.8076298349308517,0.0,0.5697788766471302
25,0.7619898054037201,0.8954836624973225,0.0,0.559045789756078
26,0.7440370649434207,0.8670582040300909,0.0,0.5534944121042925
27,0.7453931235195546,0.8405111679491007,0.0,0.5653181177311157
28,0.7396921587794014,0.8227800828105999,0.0,0.5650860942467839
29,0.7402013727788175,0.8359962825505238,0.0,0.5840148252987022
30,0.7441440065255326,0.8083820343017578,0.0,0.6118220667430122
31,0.7212112612938613,0.8509384596122885,0.0,0.5755994540579391
32,0.72522187313337,0.8739053472033087,0.0,0.621583127936953
33,0.7186314545320661,0.8357165669495205,0.0,0.5970505225461782
34,0.7239327290084925,0.8293007983351653,0.0,0.5868870011521258
35,0.7235857052079747,0.8640190081776313,0.0,0.5595546039931293
36,0.7100144346108598,0.8474831974731302,0.0,0.5569430414892358
37,0.7154815687222427,0.8507403562653739,0.0,0.5900659106577197
38,0.7061085262995088,0.8576194047927856,0.0,0.5555629355259398
39,0.6976504438378838,0.9062801070933072,0.0,0.5584016480386013
40,0.6976683171947351,0.8665950894355774,0.0,0.5916322958233974
41,0.6842129602860869,0.8443145324599068,0.0,0.6152712473259924
42,0.6799703014030886,0.9466433401377696,0.0,0.5993721810963724
43,0.696830037470614,0.8845558717565717,0.0,0.629681690286947
44,0.6756443157624663,0.88326518040783,0.0,0.6089837420580592
45,0.6862520722860701,0.8569053287776012,0.0,0.6075497535427463
46,0.673891904112998,0.7938082679262701,0.0,0.6165465596304261
47,0.6762721926978464,0.8569493799839379,0.0,0.6278844672505665
48,0.6571993359019247,0.8246404101263802,0.0,0.607227217116146
49,0.6758853531955333,0.7859899806526472,0.0,0.6283574174647693
50,0.670576194698891,0.7998237205001543,0.0,0.6136188975761357
51,0.6312593541788252,0.8210260733118597,0.0,0.6069702644735601
52,0.6452415428804548,0.8034321991902478,0.0,0.6221545483663086
53,0.6383003739828474,0.8847114320071239,0.0,0.6292841618897852
54,0.6535397652829631,0.8509755820598243,0.0,0.6225163816092112
55,0.6380174358239334,0.8855911617009145,0.0,0.6284325229666848
56,0.636559667881955,0.8896684669098764,0.0,0.6099337802878513
57,0.6320438776123389,0.8413067943644974,0.0,0.623127570894051
58,0.6276690059833312,0.8202404076198362,0.0,0.6356395627645779
59,0.6300524071361242,0.8682711889159005,0.0,0.6289081003499487
60,0.6382158065110111,0.8572061939059563,0.0,0.618443055733591
61,0.6343668897500199,0.8186858847456159,0.0,0.6224282608361874
62,0.6405098613728298,0.8871650335923681,0.0,0.634394404393154
63,0.616551094376639,0.9062707694071643,0.0,0.6220391208947548
64,0.6386636814374602,0.7658770534227479,0.0,0.6177757115953858
65,0.6298245815748579,0.9189398063803619,0.0,0.6135197064198581
66,0.6263116244519694,0.8925105704451507,0.0,0.6136751641930598
67,0.6187660411502538,0.7964341044425964,0.0,0.6255569963618043
68,0.6216867122757301,0.9111401112574451,0.0,0.6252227991499952
69,0.6051906341917059,0.8570731799557524,0.0,0.6129346547406911
70,0.615733978989419,0.8523812395221783,0.0,0.6094631996567009
71,0.6150255453720521,0.8681471415285794,0.0,0.6228016066926092
72,0.6029304952099083,0.8741052578080375,0.0,0.6133146884646021
73,0.6114347577095032,0.860406976825786,0.0,0.6255214972217958
74,0.6135039034854161,0.7975440295237415,0.0,0.6529491469027515
75,0.6038145063968187,0.857314130045333,0.0,0.6299189129281778
76,0.6176399229617601,0.9038836877301054,0.0,0.6312982752568284
77,0.6081199057986227,0.8183681604997167,0.0,0.6348180449359554
78,0.5973248685343882,0.915335883509438,0.0,0.6240871930356318
79,0.6109641140766358,0.8489056904360933,0.0,0.6160237048284314
80,0.5956265307544323,0.9252140308326146,0.0,0.6373029811247304
81,0.5973428686013382,0.829209604353275,0.0,0.6154185596313719
82,0.607423082094514,0.871878240468367,0.0,0.6288757820422082
83,0.6023787184377735,0.8752238008211244,0.0,0.6311904438480713
84,0.5971527868442321,0.809607522667579,0.0,0.6386775364790606
85,0.6021310999152366,0.8351272839420246,0.0,0.642651544534414
86,0.5888773296656233,0.8481089551493807,0.0,0.6358431474137988
87,0.5921495973394159,0.8360524211289748,0.0,0.6370507684654279
88,0.5853609004717195,0.8271603876689695,0.0,0.6239103407691927
89,0.5943481409147884,0.876145213280084,0.0,0.6413770703433554
90,0.5828966572043601,0.8005836617271855,0.0,0.6469862860543897
91,0.5860714861516202,0.7836083826029075,0.0,0.6205848714326005
92,0.6062002862437388,0.7877076504365453,0.0,0.631068433892499
93,0.5769526170880607,0.8024553161747051,0.0,0.6212116461829482
94,0.5867795952250449,0.7596541620650381,0.0,0.6571137883070275
95,0.5847060645564218,0.8082950396357842,0.0,0.6447391757727639
96,0.5817698132456018,0.8596114223858096,0.0,0.6419992688206354
97,0.5734511959418822,0.9650240068165761,0.0,0.6055734605134006
98,0.5803050101473091,0.8752384455698841,0.0,0.6483250664924943
99,0.5772625623124369,0.8748062916521756,0.0,0.6468885870444115
100,1.137744103790669,1.025831215786484,0.0,0.4313390965132121
101,1.021794288345937,1.0151138035756238,0.0,0.4740873749348764
102,0.9882959884204222,0.9925727124484081,0.0,0.48315439836157575
103,0.9612108426147632,0.962502972135004,0.0,0.5191301155548308
104,0.94035954261094,0.944613369006031,0.0,0.5258915765099971
105,0.9217386764087034,0.8672545653469158,0.0,0.5253619522811893
106,0.9001024586431096,0.8837178968033701,0.0,0.5294103551503127
107,0.8881142742178413,0.8476526062443571,0.0,0.5562252557110686
108,0.8791087685006388,0.89425490937143,0.0,0.5294064573829855
109,0.8743721849462959,0.8722906585009593,0.0,0.5276080239857233
110,0.8566029911630609,0.8502396997415794,0.0,0.5557300782248309
111,0.8462759023302057,0.9098334334931284,0.0,0.5654030033696423
112,0.8457274032442758,0.8796976062486757,0.0,0.5726035796713571
113,0.8339269841654917,0.9219437196569623,0.0,0.5637195255129152
114,0.8203249984912658,0.8779046063153249,0.0,0.5679689035366335
115,0.8092734296670121,0.8613284117770645,0.0,0.5565166907581822
116,0.8053310528230131,0.8640421359044201,0.0,0.5975915870274111
117,0.7906755179501651,0.9193940230135648,0.0,0.5131266898839895
118,0.7895587161685643,0.9222576933087043,0.0,0.5572546741084405
119,0.7845659948466869,0.8694378452480964,0.0,0.54802744129756
120,0.7706995039843442,0.8842057147116031,0.0,0.5451509152137823
121,0.7712058552195517,0.8410816878642676,0.0,0.5795060930964093
122,0.7611048510905062,0.8448856349261302,0.0,0.6142006554295973
123,0.754090928763486,0.8225795705363436,0.0,0.6151904443316191
124,0.7578712377655372,0.8784776892302171,0.0,0.598579291698454
125,0.7427491293194589,0.9097828280250981,0.0,0.5897458295849081
126,0.7386956048815438,0.8752910191158079,0.0,0.5839536947837417
127,0.7329707793975144,0.8701139204906967,0.0,0.6229526202125267
128,0.7307295716210698,0.8717953281582527,0.0,0.6147079887528287
129,0.7356612741277458,0.8623771532526556,0.0,0.6203689716580884
130,0.7309756332568909,0.8825513877958622,0.0,0.5831558058428622
131,0.7142553963018268,0.8164598998033775,0.0,0.6242852263324858
132,0.719861260558782,0.8168352077592094,0.0,0.6064331747472533
133,0.713685319932659,0.9401543522780796,0.0,0.6063362867728257
134,0.7037723847989286,0.8363964254001401,0.0,0.6396260944722216
135,0.6897461293788438,0.8926876592186263,0.0,0.6112840012580206
136,0.7019124513261774,0.91328619673567,0.0,0.6046260685386488
137,0.692253174808588,0.8736382093069688,0.0,0.5934005659427727
138,0.6922159267275521,0.8777948572950544,0.0,0.5892228566321386
139,0.6906719292147776,0.970480204753156,0.0,0.6073632602185205
140,0.6697974430041367,0.9011065645037957,0.0,0.6074483288094378
141,0.6668539194578536,0.9245762116504166,0.0,0.6306035744843997
142,0.6703514707222413,0.8986904216262529,0.0,0.5995799398837734
143,0.6663835360762779,0.8426815035208216,0.0,0.6261905531304588
144,0.6769069022676918,0.8417834459610705,0.0,0.5994223554461539
145,0.6533486253759834,0.9033477654996908,0.0,0.5920511527955691
146,0.6597961755281084,0.8060841447902176,0.0,0.6495842844600005
147,0.6557548513573207,0.8584460582373277,0.0,0.6148594014994433
148,0.6610695619261666,0.9945820457530472,0.0,0.561972089838173
149,0.6494296116775341,0.855190282722689,0.0,0.6123604241966836
150,0.6540647573685379,0.7897400990971979,0.0,0.6675666265212976
151,0.6135029199418057,0.889396792312838,0.0,0.6308028930595373
152,0.6186235344142057,0.8752179393228495,0.0,0.6337992703023281
153,0.6147993509689074,0.9163590534678046,0.0,0.6306412960782015
154,0.6065092741773369,0.8274424750849886,0.0,0.6584510526937566
155,0.6001010372397605,0.888104647960303,0.0,0.6300467097561613
156,0.6027482572566257,0.8355121106471656,0.0,0.6559481679839809
157,0.6093110793092278,0.8322365801289396,0.0,0.6428270349569317
158,0.6105151978771338,0.839640016825694,0.0,0.6451027136528814
159,0.598961707045523,0.9702172909142837,0.0,0.6120682811289486
160,0.5896369362145327,0.9583573172677238,0.0,0.6546596244041666
161,0.5967249088073044,0.9343432896542099,0.0,0.6236134430951512
162,0.5869942202996672,0.8842882052907404,0.0,0.6539672110117037
163,0.5925686656759026,0.8672586252104562,0.0,0.6410384294828516
164,0.5951092204351104,1.031235714003725,0.0,0.6153319234714871
165,0.5865355001406724,0.9279034373895177,0.0,0.62863092319354
166,0.5952995319044991,0.9069666716287721,0.0,0.630096093021737
167,0.5729958298501004,0.8620813095344687,0.0,0.649421465123673
168,0.5812238047631939,0.7806415411661256,0.0,0.6809612031750424
169,0.563571096538158,0.8343646323905801,0.0,0.6500991162927026
170,0.5713175899527047,0.8997885787262107,0.0,0.6370781742433175
171,0.5650624000624325,0.9924655950294351,0.0,0.6107777617831817
172,0.5655709519145194,1.0184095142022618,0.0,0.6261495999859497
173,0.5682570946350526,0.9313321495955845,0.0,0.6207189580362173
174,0.5692886447638608,0.9242012613224533,0.0,0.6173314254285898
175,0.5662987654128772,0.923772857998902,0.0,0.6404505316528568
176,0.5572406068946538,0.820563073428172,0.0,0.676166540876624
177,0.5675527462798557,0.8437361762208758,0.0,0.6519874814453909
178,0.5619333295339949,0.8422190389543209,0.0,0.6628831665802414
179,0.5540039997422294,0.8995453816539837,0.0,0.6621744426490396
180,0.5475114808993393,0.9961221004432103,0.0,0.6434258234153463
181,0.5522147792108943,0.9394968815569608,0.0,0.6254918211343149
182,0.5442440371165115,0.953671728664974,0.0,0.643557568041763
183,0.5520399348119671,0.9669478985498536,0.0,0.6277026287689109
184,0.5595061613602584,1.0125247723651383,0.0,0.6332440830396978
185,0.549404666129123,0.9307626125947485,0.0,0.6464619224841338
186,0.5349869065070421,0.9678564262839983,0.0,0.6515182066978158
187,0.5562560662794649,0.9690614286458717,0.0,0.6647296986042786
188,0.5412815375274487,0.9568786778539982,0.0,0.6553269729111975
189,0.5643435563933983,0.958099366358991,0.0,0.6436866562044733
190,0.5348615111929647,0.97335432835345,0.0,0.6669531156922489
191,0.5568170623163159,0.9128573626842139,0.0,0.6208672984999319
192,0.5481708491786143,0.8569770354144978,0.0,0.6697230150748185
193,0.5415585310271617,0.9783451343482396,0.0,0.6432913199042307
194,0.5350603344735135,0.9523837948745152,0.0,0.6160974363333762
195,0.5576574044281177,0.9704289222663304,0.0,0.6482792967840713
196,0.5324155021249578,1.0591939102928594,0.0,0.6151793123172674
197,0.5519645380170157,1.0147642099632408,0.0,0.6301634091495897
198,0.5293247915385815,0.9282003821067091,0.0,0.6617449670488399
199,0.533227185586865,0.9661938503103437,0.0,0.628952998773777
200,1.1222056466541934,1.0469892947178967,0.0,0.39287609517320626
201,1.0086040400387195,0.9988273764556309,0.0,0.42995950768396624
202,0.9863788478829888,0.9909398330832427,0.0,0.46944280270848093
203,0.9601957736390361,0.9943927976320375,0.0,0.5165267986654822
204,0.9493839383125305,0.9634768198121269,0.0,0.4900945078315911
205,0.9393762134434132,0.9722509136739766,0.0,0.5065459351384984
206,0.9211320885781492,0.929273616592839,0.0,0.5062541532885129
207,0.9090978721554359,0.9896355867385864,0.0,0.5159882399314576
208,0.8974497387918193,1.048555461865551,0.0,0.4735742684973247
209,0.8939618764298686,0.9754128726023548,0.0,0.4770079652261184
210,0.8882690039913306,0.9161044629114978,0.0,0.5252589932015391
211,0.8718934442220109,0.9466537956921559,0.0,0.5321117218273207
212,0.877852707364586,0.9357263884454403,0.0,0.5145867432354941
213,0.8648774193913749,0.9284040860410007,0.0,0.5649496436442077
214,0.843196634496196,1.003334733675111,0.0,0.48999170255400226
215,0.8599213728743993,0.9201232217392832,0.0,0.5302534530386644
216,0.8484317882677143,0.9809712767601013,0.0,0.5031743579644996
217,0.8358667703157061,0.9113147180035429,0.0,0.5515546248316482
218,0.832287653108661,0.9483238368664147,0.0,0.5294983532752648
219,0.825127161218879,0.8763677376621174,0.0,0.5328821951742359
220,0.8253717348816689,0.9481668191136055,0.0,0.5625387678924163
221,0.8250568167547162,1.0557304125911784,0.0,0.48855019330771554
222,0.8192626765604769,0.9092950910892127,0.0,0.5624538748871457
223,0.812097710571932,0.9355935308168519,0.0,0.5504609320873337
224,0.8190498634670558,0.905937190325755,0.0,0.5912674375379725
225,0.80010565037138,0.9327275651805805,0.0,0.571584941380609
226,0.7949805009231139,0.9187532730822293,0.0,0.5538883905266889
227,0.8022579710135299,0.8372306868715106,0.0,0.5846511717287063
228,0.7825659559014139,0.9695420535105579,0.0,0.5254621772704502
229,0.8079198580109671,0.9615191513637327,0.0,0.5416712926820499
230,0.7949172941486488,0.9119182723873066,0.0,0.5726614279563463
231,0.7712809636351767,0.8837088189035092,0.0,0.5861062294981457
232,0.7881899196110415,0.9191073561614415,0.0,0.58199867679324
233,0.7644965830813633,0.9122589601660674,0.0,0.555783013555329
234,0.7747167454676682,0.919658546177846,0.0,0.5931280024028235
235,0.7750199836291624,0.9293439208336596,0.0,0.5731478894587254
236,0.7625238865948795,0.881627841940466,0.0,0.6010819452306027
237,0.7695798796214415,0.8831840427416675,0.0,0.5926610874444903
238,0.7498634983314557,0.9712725821531044,0.0,0.5821980086603001
239,0.7562760004836522,0.9334326015328461,0.0,0.5858392479078601
240,0.7520558751031254,0.8834719927805774,0.0,0.6056098100240735
241,0.7577191293909309,0.9193784234658727,0.0,0.5746173352959318
242,0.754672158702036,0.9104955083919022,0.0,0.5881250601182056
243,0.7495115352480599,0.956856516172301,0.0,0.5708724177218077
244,0.7513694090789623,0.9296165659742536,0.0,0.565868937045549
245,0.733110773027613,0.9170594800193355,0.0,0.5825341511020077
246,0.7448282969131899,0.9724636032896222,0.0,0.5601815067243835
247,0.7236620452966583,0.9620737219756504,0.0,0.5592453394673184
248,0.7436603701516483,0.989260510453638,0.0,0.5815722304685715
249,0.7107262986429622,0.8690952298776159,0.0,0.6335255205364471
250,0.7291631308834204,0.9057303059775874,0.0,0.597462902805666
251,0.7089130610562442,0.876936729224223,0.0,0.5922127919800738
252,0.700506457585967,0.9261977998715527,0.0,0.5936460903395767
253,0.7061863711710726,0.8991380929946899,0.0,0.6279859008324725
254,0.6929417248522298,0.8574594427954476,0.0,0.6174211283588031
255,0.6893444832791104,0.8937187475978203,0.0,0.6115018728847312
256,0.70014459664902,0.951799417441746,0.0,0.5866198637594195
257,0.6974474921655119,0.8636254578266503,0.0,0.6349872778487955
258,0.6877660996458503,0.8324326985287216,0.0,0.6512216175552888
259,0.690822885679395,0.8902209524838429,0.0,0.6100727761406892
260,0.6781726358981615,0.8725600579999527,0.0,0.6242556516055405
261,0.6819001805916262,0.9007409080019537,0.0,0.5965500243383008
262,0.6745858224590173,0.9073142353093849,0.0,0.596200222764629
263,0.6760914339108414,0.9687413010957107,0.0,0.5693087098284254
264,0.6779409384459592,0.9278159917525526,0.0,0.6127321557518349
265,0.686277382293444,0.8568771144129196,0.0,0.6367883171784471
266,0.6749801113364402,0.9214970458228633,0.0,0.6002245278774418
267,0.6738038365760546,0.8712979476406889,0.0,0.6346649134395114
268,0.6647234589866038,0.8877168702629378,0.0,0.609929826893106
269,0.6847631362047089,0.8504700019674482,0.0,0.6235574252877301
270,0.6663249011789815,0.8520941554375414,0.0,0.6334834103919114
271,0.6645002201701818,0.8958219109841112,0.0,0.6125588368548555
272,0.6544364236713796,0.8823235923389219,0.0,0.6281915585151784
273,0.6583442323663261,0.9431108045128157,0.0,0.6071987440475334
274,0.6484277939528562,0.8689515264529102,0.0,0.6312991294923089
275,0.6463820859287562,0.8689158131491463,0.0,0.6220264160987966
276,0.6723179697990418,0.8475261184404481,0.0,0.6460512468676147
277,0.6645916894580541,0.8941207640575912,0.0,0.6058723718547061
278,0.6493204171737929,0.9067180426615589,0.0,0.6314653488047016
279,0.6589895971705405,0.9317604562021652,0.0,0.6311407521763394
280,0.6605684131718753,0.9397890072948528,0.0,0.6060546885127134
281,0.6574707911255654,0.991973524948336,0.0,0.5991643061582073
282,0.6416789476791125,0.9180529151322707,0.0,0.6190053267602
283,0.6335124788659342,0.9307489181464573,0.0,0.5955786595803825
284,0.6427064590239793,0.9202590438554872,0.0,0.6088775716514768
285,0.6273137913661057,0.8733256391759189,0.0,0.6296551998550223
286,0.6324427210882808,0.9184805784585341,0.0,0.6292549245665263
287,0.6573084766945142,0.9052830777078305,0.0,0.6138161867910533
288,0.6421753927563013,0.8939728883077513,0.0,0.6116226425475166
289,0.6324318555633673,0.9201986081195328,0.0,0.6113633870673819
290,0.6305947196617555,1.035278097638544,0.0,0.6015293317065558
291,0.6268489159894793,0.8941520722407215,0.0,0.6267573288566677
292,0.6467867097158111,0.9112192853441778,0.0,0.6144299321628361
293,0.6286269439740128,0.9136608749065759,0.0,0.6068480127295166
294,0.6210756056764153,0.9433514217160782,0.0,0.5974377934895244
295,0.6207909353663412,0.934059481575804,0.0,0.5985326370744262
296,0.6350955200998971,0.9637711497972596,0.0,0.6200085452616596
297,0.6280757973703106,0.9210796097539505,0.0,0.6368816317400768
298,0.6107581773500764,0.8963670123298213,0.0,0.6151103223066791
299,0.6164914691046383,0.9382422420213807,0.0,0.6025182250203536
300,1.1558961600400088,1.0253671250253353,0.0,0.4461657701400703
301,1.038829201125027,1.0121767858289323,0.0,0.5155279167366869
302,1.0095595464277802,1.0051721132026528,0.0,0.48511126124338594
303,0.987676727637816,0.9344669153105538,0.0,0.5282356273667872
304,0.961506889241465,0.9753818197070427,0.0,0.5105139330464765
305,0.9410540761572591,0.9768507480621338,0.0,0.5004012284025602
306,0.9338930271984486,0.9428914470492669,0.0,0.5404260788270979
307,0.9230696422330449,0.9434610605239868,0.0,0.5289427077632859
308,0.9085047072239136,0.9896178717883128,0.0,0.5130559478431531
309,0.8915487578745639,0.908717321899702,0.0,0.5143423470151632
310,0.8905691358480561,0.9673241286907556,0.0,0.5238460993312695
311,0.8624200370874298,0.8765287151876485,0.0,0.557334537742949
312,0.8633711911319347,0.9495171477209847,0.0,0.5305033308386983
313,0.8380117461922464,0.8768997349829044,0.0,0.5611573161376892
314,0.8304847385106462,0.9776569312473513,0.0,0.553514941468942
315,0.8275002549203594,0.8554616919103658,0.0,0.5976744486019079
316,0.8106290016281471,0.8748917962020298,0.0,0.5547202743017224
317,0.7978696756148607,0.8657419344164291,0.0,0.586684852755893
318,0.8101010706987274,0.8946613838087838,0.0,0.5848200783700175
319,0.7938628052057844,0.8509243906668897,0.0,0.6274689111751387
320,0.7960887472281295,0.8344462502677485,0.0,0.609854792252648
321,0.7852309026075213,0.7913909363296797,0.0,0.6211422705640366
322,0.783961052841015,0.8136357451384922,0.0,0.6256559230498203
323,0.7776062102800005,0.8170452027950647,0.0,0.6158745391408805
324,0.7707999805386146,0.8540045697734041,0.0,0.6173307275407487
325,0.779442645994465,0.9051795489383194,0.0,0.5759190919103266
326,0.7515472472383735,0.8102899317471486,0.0,0.6120700633975035
327,0.745622547824731,0.8094898799680313,0.0,0.639769336133323
328,0.7405894682648476,0.8447770363879654,0.0,0.5926998395769342
329,0.7369346336032567,0.7996309950666608,0.0,0.5992596414167191
330,0.7480476090077604,0.8479498287416855,0.0,0.5867967826109469
331,0.7334497025843417,0.8333270234881707,0.0,0.6232015712126852
332,0.742087368081125,0.7999946992352324,0.0,0.6445336788643568
333,0.7250904406054636,0.7637781939416561,0.0,0.6455431722250315
334,0.7190380892057098,0.7682570039101366,0.0,0.6564604239088441
335,0.7147799277573489,0.8290092079144604,0.0,0.6527932025900484
336,0.7299865382440974,0.8558641683380559,0.0,0.6201768628759283
337,0.7092498064041137,0.9019125137688979,0.0,0.5892943001874007
338,0.7228285821636071,0.8482106417979834,0.0,0.5898645712042838
339,0.7133528602257203,0.8223943024311425,0.0,0.6295244604545466
340,0.7093334141741978,0.8283212825937091,0.0,0.6158304504115201
341,0.6943732074137484,0.7798498419095885,0.0,0.6441562690311898
342,0.692949670754122,0.8121432043471426,0.0,0.6335725011293613
343,0.6838872947049944,0.7750286696092138,0.0,0.6551748709566243
344,0.6920897411496452,0.8038433947653141,0.0,0.6117260310932178
345,0.6874295313706559,0.7825975991644949,0.0,0.6551110813839915
346,0.6847826740714941,0.8309911309548144,0.0,0.6509226788553081
347,0.67844426122944,0.7632091360272102,0.0,0.665100249477708
348,0.6704137554329432,0.7903079964079947,0.0,0.6498553307170486
349,0.6774769706672497,0.7841391293507702,0.0,0.6585317456235603
350,0.6739457960878865,0.758732093954986,0.0,0.6677011851725814
351,0.6486597251356317,0.7595914298633359,0.0,0.6725894099546317
352,0.6442241109489055,0.7662993579540612,0.0,0.6367243094103491
353,0.6399480579944139,0.8162136347788684,0.0,0.6493531555682572
354,0.6399450803070925,0.762224073679942,0.0,0.6698359805684637
355,0.6294911211796022,0.8090083194228838,0.0,0.6354279438929222
356,0.638676228951872,0.7937860713814789,0.0,0.6529473769485916
357,0.6232590190480264,0.7687499275747335,0.0,0.6668604664509328
358,0.6327819108963013,0.7945334573961654,0.0,0.6664736900208743
359,0.6429720326086109,0.8091645859322458,0.0,0.6415765539969193
360,0.6156632463583785,0.8213494588743966,0.0,0.6591039606202186
361,0.6233791182550151,0.8133558687174095,0.0,0.634456990955883
362,0.6247628297698632,0.8279305134179458,0.0,0.6454176930781517
363,0.6154857295282771,0.7971977254129806,0.0,0.6412647037670084
364,0.6232607745052723,0.8189499411942824,0.0,0.6633618640038041
365,0.6134068345085958,0.8064218467136599,0.0,0.6668288924804406
366,0.6061814482292432,0.8561104547302678,0.0,0.6448911753062663
367,0.6134810232044605,0.8770610622639926,0.0,0.6413059073604381
368,0.6089924651585268,0.8519207486566508,0.0,0.6427761312724252
369,0.5982586702603973,0.8419489658103799,0.0,0.646969243041075
370,0.590818050604188,0.8671154795952563,0.0,0.6538273962831801
371,0.6021150789903791,0.8702913207827874,0.0,0.6398365308157116
372,0.6035126288285416,0.8971265149566362,0.0,0.6713414453193022
373,0.6026114059298227,0.898201381260494,0.0,0.6432988084520616
374,0.6115313591582052,0.8416055890749086,0.0,0.6578322502016847
375,0.6019833035683364,0.859877071290646,0.0,0.6486877758038582
376,0.5919950670070863,0.8838706826264003,0.0,0.6444363040711203
377,0.5937847087892254,0.9117323250140784,0.0,0.667367778215685
378,0.5986250239811587,0.9055290087214056,0.0,0.6348806818807428
379,0.5884913611947821,0.8684978631307494,0.0,0.6401691511466441
380,0.5866572868957948,0.9208763084321652,0.0,0.6269702474188179
381,0.5895619851819585,0.8805410434614938,0.0,0.6335750394731947
382,0.57613322701347,0.8562422653414169,0.0,0.6631632033017446
383,0.5808164971598079,0.8898198874491565,0.0,0.646684329413389
384,0.5756604950079757,0.8750572553220785,0.0,0.6335599147878067
385,0.5809444574827558,0.8781415280306114,0.0,0.6525617965425107
386,0.5790157460094838,0.8497011470344832,0.0,0.6540828324057004
387,0.5816477312130874,0.9037395018451618,0.0,0.6463011352788778
388,0.5864091637429226,0.8370629132918592,0.0,0.6476188697231817
389,0.5775416565745064,0.9175204702143399,0.0,0.6413782260153351
390,0.5685515816292066,0.8928861786734383,0.0,0.6475341392829319
391,0.5637218002522929,0.8849764871147444,0.0,0.6360040799094964
392,0.5731539707505301,0.8939952692895565,0.0,0.6392093149473191
393,0.5660054976350806,0.83296459575869,0.0,0.6794914317425889
394,0.5591940341370829,0.9472860457762232,0.0,0.6198552154912271
395,0.569715800580014,0.7839697835580358,0.0,0.637728561052319
396,0.5653154191006435,0.8677263878426462,0.0,0.6367956337959051
397,0.5712046024504672,0.828164243473197,0.0,0.6502596440036057
398,0.5593806633788548,0.912222886985203,0.0,0.6245386381270656
399,0.5673153432567468,0.9188398842541676,0.0,0.6440846238583899
400,1.1791839122772216,1.017296995756761,0.0,0.5353555736629149
401,0.9987001113677293,0.9387224530274013,0.0,0.5327808698469654
402,0.9703686379314809,0.929162713716615,0.0,0.5180462524850942
403,0.946184046616715,0.9065616760613784,0.0,0.5460988773650826
404,0.9366140228978703,0.9698040170489617,0.0,0.5104934214502143
405,0.9305727039830068,0.967678261253069,0.0,0.511691231701594
406,0.9001803025770723,0.9182604056484295,0.0,0.5399738684857355
407,0.893117240841469,1.0500659571503692,0.0,0.48270150186900523
408,0.8824806572346205,0.8750951211407499,0.0,0.5577538863587266
409,0.8642914043383652,0.913886769762579,0.0,0.5354435388408103
410,0.8638474045174845,0.824578305460372,0.0,0.5582752691612931
411,0.865166041824255,0.9511786856741276,0.0,0.511515747487451
412,0.8466924289639076,0.8559290328115787,0.0,0.5699399533670407
413,0.83825843334198,0.8468833149604078,0.0,0.5939357493126033
414,0.8528852789589528,0.9139720516384773,0.0,0.5460016478684282
415,0.8417474517661534,0.8675350018267362,0.0,0.5368235274604493
416,0.8362849481989828,0.8489899073006972,0.0,0.5744514653746966
417,0.8168566981058443,0.8563799543200799,0.0,0.5614304961718285
418,0.814854786101352,0.8396217946736317,0.0,0.5674119300754746
419,0.8040066449829701,0.8463503504699131,0.0,0.5646005440637174
420,0.8137142119782694,0.8246416055931235,0.0,0.5527570185582208
421,0.7826500761374998,0.8862368531946866,0.0,0.559179337283718
422,0.7913728034898136,0.8459536579419982,0.0,0.5972588520805194
423,0.7801818641383996,0.9502901221221348,0.0,0.5411042419321042
424,0.7848942670929298,0.868367926129755,0.0,0.5563040868679439
425,0.7821213052513895,0.8775365240169022,0.0,0.5710766030210827
426,0.7679527352365215,0.8197523625391834,0.0,0.6193657244931857
427,0.7633482541930809,0.8925672387177089,0.0,0.573014835858804
428,0.7723067933254028,0.9082993797536166,0.0,0.5716546266255685
429,0.7599333392100388,0.8851312342679726,0.0,0.5898399382741474
430,0.7489634760310141,0.7789935334673468,0.0,0.5846582940426803
431,0.762952629903729,0.8227092702433748,0.0,0.636496698063126
432,0.7535105118590795,0.7963141630280692,0.0,0.5743385144583386
433,0.7466212398550484,0.7913652590985568,0.0,0.6084922027574019
434,0.7342524294772844,0.8482553756461954,0.0,0.5889877731542353
435,0.7351889184351718,0.8377155740306063,0.0,0.6008367881705595
436,0.7389864977825893,0.7783336504450384,0.0,0.6486678319301443
437,0.7268429351656625,0.8652076901129957,0.0,0.5792576896780879
438,0.7143089744482147,0.792133943089899,0.0,0.6053339067176992
439,0.7349951168124595,0.8076242028542284,0.0,0.6232265918802735
440,0.7182459038295103,0.8728590393966099,0.0,0.6151567504799685
441,0.7072454439120346,0.8139935372010717,0.0,0.6420819858421963
442,0.7191351159235065,0.8047299430055438,0.0,0.6214203414515719
443,0.7101640809787793,0.8251872017698468,0.0,0.6350748275733435
444,0.7053340729702724,0.8174104566844005,0.0,0.6280893991486233
445,0.7029897296026851,0.8433051188037081,0.0,0.6301492445572424
446,0.7048716633507375,0.9308032989501953,0.0,0.607539730542919
447,0.7072763396113106,0.8511975036477143,0.0,0.63163451674481
448,0.7080757880478763,0.7932470249679854,0.0,0.6538055114963685
449,0.7133632875560375,0.8111166920302049,0.0,0.6290989865174703
450,0.6834392622615514,0.8045695637756923,0.0,0.6484168865243417
451,0.6800991604837139,0.7925740626623046,0.0,0.64767646288396
452,0.6714108191179425,0.8348058068527365,0.0,0.6283224770591163
453,0.6643340367949411,0.8655774570860952,0.0,0.6397815579513663
454,0.6519818077596385,0.7614653987704583,0.0,0.6648176538264664
455,0.6516940507995949,0.7849224502185606,0.0,0.6643723549797108
456,0.6542310505770565,0.8094615407709805,0.0,0.651286337864458
457,0.6548468063386639,0.8418705767055727,0.0,0.6521420183213069
458,0.6538263035624214,0.7897764984166847,0.0,0.6631100937706007
459,0.654889751016424,0.7731788979386384,0.0,0.6593760848311988
460,0.6437052607536315,0.8306768536567688,0.0,0.6480494469280194
461,0.6353416670574231,0.767603023996893,0.0,0.6528520805231283
462,0.6479342594575346,0.7339542620586899,0.0,0.6841723346157024
463,0.635550350017762,0.7714658863139603,0.0,0.6536220185390302
464,0.6380943244762635,0.7463174169918276,0.0,0.6634134957977262
465,0.6405142461315969,0.824933002579887,0.0,0.6529727672241938
466,0.6367918421713153,0.8247023303553743,0.0,0.6651874519055272
467,0.6381598885139722,0.7562158467634669,0.0,0.6564623249272246
468,0.6246144463506977,0.780056710513133,0.0,0.6547455450897576
469,0.6352694283710437,0.8104072505573057,0.0,0.648978184432606
470,0.6233205931909969,0.8165799862933609,0.0,0.6490158724621438
471,0.6200437738654319,0.7527223161931308,0.0,0.6741702129297811
472,0.6244574611106616,0.7944052792944998,0.0,0.6591277777631802
473,0.6300994502024704,0.8101303611161574,0.0,0.6392242504441
474,0.6180535249495774,0.7690383319584828,0.0,0.6542574257853186
475,0.6181138499399249,0.7967338190888459,0.0,0.6563296345437186
476,0.6180023269037183,0.8108917351038951,0.0,0.6538159317928409
477,0.6036711382062248,0.8059548060849028,0.0,0.6632483046612794
478,0.602912254949634,0.8110665071685359,0.0,0.6462442873461071
479,0.6144944249913934,0.763763003754166,0.0,0.6744677213413501
480,0.6161163402407357,0.7578925119256074,0.0,0.6571579362929842
481,0.6260554791836256,0.7770490027823538,0.0,0.6338249740279406
482,0.6048059146056014,0.8232028428113686,0.0,0.641956552414231
483,0.6008210263895185,0.7992633704869252,0.0,0.6381412119199341
484,0.5894576791966899,0.7794774770736694,0.0,0.648800574846442
485,0.5930991969751508,0.8301026641197924,0.0,0.6437226853210267
486,0.5973975580729796,0.8450030841917362,0.0,0.6147992113518727
487,0.5916535506087742,0.7224553418609331,0.0,0.6587527150439358
488,0.591096983063087,0.7968446736065846,0.0,0.6465196507567279
489,0.6158922425816568,0.7458727685910351,0.0,0.6792699166342739
490,0.5967716602796919,0.7794895520750081,0.0,0.6451947947081792
491,0.6052009191405907,0.7878443924885876,0.0,0.6427848594619293
492,0.5895216679305173,0.8100006242968002,0.0,0.6270585105852835
493,0.5970410904187835,0.7583888274318767,0.0,0.6409634203371909
494,0.5888621809777249,0.744248129286856,0.0,0.680608737887588
495,0.6001049984706921,0.8113828188968155,0.0,0.6492368100035174
496,0.5913241654299618,0.775820402604229,0.0,0.6509030875066708
497,0.5744526596551531,0.766699955148517,0.0,0.655521894087298
498,0.5908915192893381,0.7596491901379712,0.0,0.6601096069573191
499,0.5887803551856051,0.7425120517892657,0.0,0.646161071090004
500,1.1618972869401567,0.9747908407787107,0.0,0.4879273119402858
501,1.0136747944221067,0.9838179304914655,0.0,0.4961133175235584
502,0.9832840571242771,0.9525330831419747,0.0,0.5629567343899611
503,0.9624859476357364,0.9665567560015984,0.0,0.5697954677050964
504,0.9480461811751462,0.9184777579217587,0.0,0.512583437838511
505,0.9276572029242355,0.9475785471358389,0.0,0.5610590812259102
506,0.9190654513541232,0.9360616679461498,0.0,0.5582845633372793
507,0.9155400123489037,0.900123767133029,0.0,0.5634839977460077
508,0.8833377019742902,0.9503361549017564,0.0,0.5454365958036923
509,0.891904293151384,0.897918442510209,0.0,0.5151363967640601
510,0.8589236412155494,0.8573652697059343,0.0,0.5552775456012891
511,0.847744570957141,0.8573178412779322,0.0,0.5596122661032987
512,0.8264955705471253,0.8605153808053935,0.0,0.5809658445235539
513,0.8464379512861874,0.8405054312831951,0.0,0.5549338385805748
514,0.8238698005676269,0.892883874335379,0.0,0.5500160203524547
515,0.8183532274171208,0.8247878978837211,0.0,0.5730555925003291
516,0.7998579938759964,0.8333646733805818,0.0,0.5966072643500119
517,0.7903811101163372,0.8257900004116994,0.0,0.6214705817440773
518,0.7973859507046389,0.8356666407495175,0.0,0.5997562780050165
519,0.7760271632269528,0.8058660862580785,0.0,0.6150708810710701
520,0.7876056261276931,0.8377093099198252,0.0,0.5977549980807108
521,0.7690092179212678,0.8616253553696398,0.0,0.625799866206056
522,0.7768132595533735,0.7953726750499798,0.0,0.6116732599758867
523,0.766588874211472,0.8075215276682152,0.0,0.5860114433955486
524,0.7547543908772844,0.8105506402141643,0.0,0.6228653277089147
525,0.7567096924513913,0.849705528538182,0.0,0.6014352951366095
526,0.7534445127744354,0.8276745440824976,0.0,0.5996499833562955
527,0.7431479237052832,0.8083076612004694,0.0,0.6102251891640915
528,0.7303204184167841,0.8303755094420235,0.0,0.5936334056865448
529,0.7379485816098331,0.8428521212541832,0.0,0.6139011408338673
530,0.7367627042063166,0.8111390988781767,0.0,0.6072712577239734
531,0.7335170423046926,0.8549468157426366,0.0,0.6210872823343578
532,0.7304006182745602,0.7907903453089157,0.0,0.6375531947601393
533,0.716810088211231,0.888213280236946,0.0,0.5962320584214483
534,0.7193557032038657,0.7875343673634079,0.0,0.634840460774944
535,0.7128421851758207,0.7694289999188118,0.0,0.6414593089720545
536,0.7115678359953205,0.822722704905384,0.0,0.6484963490004028
537,0.7214606704336873,0.7840907135099735,0.0,0.6263745086988917
538,0.6948325957475083,0.7886196419877826,0.0,0.6401542623935692
539,0.7020594062430136,0.8247214049663184,0.0,0.6285084244147586
540,0.6963486559605331,0.7814428176520005,0.0,0.6333187370100054
541,0.7054514635814709,0.8266558647155762,0.0,0.602982536331328
542,0.706906972708327,0.7714028054813169,0.0,0.6560890282288022
543,0.6760668625992335,0.8248540871548202,0.0,0.603289434723184
544,0.6755241540040863,0.8178895003390763,0.0,0.6348807601621782
545,0.696291556385126,0.7686631600811796,0.0,0.6504636700602618
546,0.6727470387903492,0.8213999338869779,0.0,0.6262933334995032
547,0.6677389977353343,0.7799901343741507,0.0,0.6284407179556348
548,0.6731133527970046,0.8118022500344042,0.0,0.6313806036374346
549,0.6669088463435012,0.8112043097334088,0.0,0.6075173315764524
550,0.6604356515273619,0.7639740784213228,0.0,0.649337712683518
551,0.6655249955948819,0.7818651919095021,0.0,0.6550970003213933
552,0.6521887314453554,0.7661531859973691,0.0,0.6471022381836729
553,0.6352442004707423,0.7785146495081344,0.0,0.6427679229373705
554,0.6355001312963079,0.8315136410155386,0.0,0.639864498627125
555,0.6365556044524975,0.8369206763663382,0.0,0.6397129297691269
556,0.6320523172282101,0.8136016535309126,0.0,0.6453994340106871
557,0.6356461822316888,0.8070666373900648,0.0,0.6407946670105692
558,0.6191235504793318,0.7804538708812786,0.0,0.6625966901876378
559,0.6152271365851498,0.7728478121307661,0.0,0.654206537225827
560,0.6148345111461168,0.795693225455734,0.0,0.640245163268919
561,0.6202028826381384,0.8343345432911279,0.0,0.6698242830253801
562,0.6040719975246472,0.8037222252701813,0.0,0.6475717798111996
563,0.6197173413265957,0.7898179416386586,0.0,0.6555639029054515
564,0.6229158183162132,0.8066386085636211,0.0,0.6495871337228498
565,0.6159295433023003,0.7878312918375123,0.0,0.6576325187892047
566,0.6120663083001469,0.7701709158015702,0.0,0.6485533344765991
567,0.6053595366102926,0.7880958993479891,0.0,0.6588323842764441
568,0.62081153714255,0.830707921172088,0.0,0.6612782348303425
569,0.5996151230308447,0.7767247568886235,0.0,0.6578051377954656
570,0.5969331848487426,0.8044540927095233,0.0,0.6532601131350732
571,0.60794572200668,0.7847130635999283,0.0,0.6741869291724278
572,0.6088889835925585,0.7979311898069562,0.0,0.6516005726344479
573,0.6062676910603984,0.8206348520404888,0.0,0.6403054165924182
574,0.603372171219815,0.8268072200271318,0.0,0.6508243637974617
575,0.6026414852463797,0.792483813357803,0.0,0.651988927590868
576,0.6027996446309465,0.7905474597553037,0.0,0.6496909462603536
577,0.5876917166656322,0.8293402464884632,0.0,0.6563236116431198
578,0.6046813557656964,0.8363600080867983,0.0,0.6425510386004964
579,0.5764588053306837,0.7927161185246594,0.0,0.6519892391684482
580,0.5838853607017003,0.7937679155817572,0.0,0.6764375505581114
581,0.5945451752523357,0.8105090429198067,0.0,0.6452822900318562
582,0.5814474518379469,0.7972262704147483,0.0,0.6687588335317789
583,0.586742816614301,0.8167324639716238,0.0,0.651226638306239
584,0.5845197102996741,0.7981771601820892,0.0,0.6584575519464343
585,0.5847519314690922,0.8837630715010301,0.0,0.6445667144554514
586,0.5795274758606814,0.8135558063129209,0.0,0.6573180028794716
587,0.5808081703239613,0.7894209792029183,0.0,0.6542439256276952
588,0.5868570989437317,0.8391433391930923,0.0,0.6524844898622886
589,0.5800833541355775,0.8157177455020401,0.0,0.6551687013188099
590,0.5658014569389687,0.7886331441267481,0.0,0.6481516909339852
591,0.5865328057428424,0.8681558460559485,0.0,0.6331019482117366
592,0.5871493007359879,0.7878646940555213,0.0,0.6601019013030425
593,0.5687724517972281,0.803357128827077,0.0,0.6460439286462747
594,0.567541439948457,0.7831689276785221,0.0,0.6497281467428134
595,0.5867395829618647,0.7988444712926757,0.0,0.6467088816533872
596,0.5473208843991998,0.7933045783132877,0.0,0.6568149747850047
597,0.5694545772638214,0.8046584579179872,0.0,0.6509552334556266
598,0.5725161461347944,0.8367392128368594,0.0,0.6315486048216025
599,0.5582318687037136,0.8648798263297891,0.0,0.6574098676968297
600,1.190523746308316,0.985319695382748,0.0,0.49683127541981736
601,1.049655403715841,1.0027492181310114,0.0,0.4703149277567071
602,1.0188678799050577,0.9872672400384579,0.0,0.4752858323171448
603,1.0103504689891687,1.015856018606222,0.0,0.4812787068955563
604,0.978448559728901,0.9625394749191573,0.0,0.5076827808237347
605,0.966571373751994,0.9006368416660236,0.0,0.5191837409701604
606,0.936515797122141,0.8870627362773104,0.0,0.5358331040329799
607,0.9291191567195936,0.8564399458327383,0.0,0.5609140317406558
608,0.9219828886932202,0.851518691710706,0.0,0.5588706797293993
609,0.9102348271380649,0.8691871031275336,0.0,0.5334071197974277
610,0.8965381981281751,0.9124543621854962,0.0,0.5682861643126531
611,0.8826077871108323,0.862157162630333,0.0,0.5283997403797612
612,0.8831113970681522,0.9413609324761156,0.0,0.5141560557772412
613,0.8643820189358143,0.9572753433911305,0.0,0.5417176716272187
614,0.8573436249507946,0.8286679105938606,0.0,0.5678510899557747
615,0.8508309492904149,0.8269217981482452,0.0,0.5792302710061765
616,0.8268223971463321,0.8845083038761931,0.0,0.5393250967014875
617,0.8347680079803038,0.7883605934538931,0.0,0.5998999718373705
618,0.8179571209328897,0.8450751349611102,0.0,0.5292962234015463
619,0.8090208474169956,0.8269004608100315,0.0,0.5626138074174534
620,0.8039421198073398,0.807591642973558,0.0,0.5823954754380104
621,0.811065185739753,0.8341263240238406,0.0,0.5527480745326342
622,0.7925821649894286,0.7844133759444615,0.0,0.5861074622343464
623,0.7785990982243184,0.77542537563252,0.0,0.5851538071648807
624,0.7707768600978209,0.7770428005254494,0.0,0.568558896084803
625,0.7610948345634375,0.9065575374747222,0.0,0.5629626625035631
626,0.7705467601840416,0.8373510702601019,0.0,0.5707579833859364
627,0.7551485822441872,0.8016232117167059,0.0,0.567473367503604
628,0.7441118567177419,1.0097342279722106,0.0,0.5549562999380985
629,0.769331412904718,0.7546180711602265,0.0,0.5813922542181837
630,0.7237119173735715,0.7893582987335493,0.0,0.6000146564242442
631,0.7358261456650295,0.8073118790140692,0.0,0.6025040197377551
632,0.7298961797457063,0.8022659117320798,0.0,0.5563273633486542
633,0.7264470432581527,0.8330153159375461,0.0,0.5739966842570343
634,0.7121493628855502,0.839048554312508,0.0,0.561458892630579
635,0.7383215143439475,0.7848169207572937,0.0,0.5808804167810665
636,0.7267103698816192,0.7787251618673217,0.0,0.5838552042252585
637,0.7188520332400719,0.8440061076632086,0.0,0.5573016034801205
638,0.6909519050898177,0.793352630903136,0.0,0.5866933019679762
639,0.699302875995636,0.74542125553455,0.0,0.6174528597425998
640,0.7081650064232644,0.760018564620108,0.0,0.6221331839969042
641,0.6939531612932013,0.8921741337146399,0.0,0.5613401930299828
642,0.7063201683290888,0.8202401871951122,0.0,0.61459081971185
643,0.6891545736387874,0.8668097415060367,0.0,0.5892099169319084
644,0.6792145589764198,0.7773262374805954,0.0,0.6328924850410004
645,0.6622338935230555,0.8605841735623917,0.0,0.6189762457902992
646,0.6884977796104517,0.8858403282345466,0.0,0.5773928596801783
647,0.6797830505317517,0.7860078193106741,0.0,0.6068634974140135
648,0.6626959230792656,0.8714685496294273,0.0,0.5694176935082934
649,0.6720542589600167,0.7685359064138161,0.0,0.6230413522744221
650,0.6497507227940506,0.787925622373257,0.0,0.6170601031620553
651,0.63845125222474,0.8707906828736359,0.0,0.60627863397426
652,0.6250561900353164,0.7953517875581417,0.0,0.6139570777306936
653,0.6331658143675729,0.7792525831258522,0.0,0.6062207490039451
654,0.630520828118485,0.8133611454153961,0.0,0.5984323748200239
655,0.6388492982039291,0.7619094263832524,0.0,0.6322507552290396
656,0.6276402540421218,0.8485851254103318,0.0,0.6004156248429895
657,0.6162233068701927,0.7521124504647165,0.0,0.6433377357832809
658,0.6179573640394747,0.8033168394610567,0.0,0.6293749547566309
659,0.6184120965807626,0.8185538739528296,0.0,0.6295923007452999
660,0.6046419240115734,0.808328610546184,0.0,0.6229277579234952
661,0.6201880047830303,0.7667499072146866,0.0,0.6082463454076446
662,0.599005157224248,0.8403011639163179,0.0,0.6094594374679624
663,0.5855206825090258,0.8279231224419936,0.0,0.6129608301642285
664,0.6053808673044269,0.7564243393124275,0.0,0.6369360821532228
665,0.5946253732349096,0.9435822986206919,0.0,0.5881287943284084
666,0.6008880304486564,0.8421595231542047,0.0,0.5992216204835187
667,0.6153030487258783,0.8010608497655617,0.0,0.6229178526465772
668,0.5920689898930239,0.9165186420926508,0.0,0.6096945891704466
669,0.6066954872581396,0.7885350922368607,0.0,0.6299755015658253
670,0.5975801466556078,0.8268402949819025,0.0,0.6242266617856913
671,0.6026753084043438,0.8272328118108353,0.0,0.6094916264284486
672,0.5875475067770883,0.917099764886892,0.0,0.6162281616616622
673,0.5956520538651542,0.8398408271231741,0.0,0.6135567030886941
674,0.5915481387899163,0.8975982688507944,0.0,0.6094982128974793
675,0.5867231655656622,0.8214331561664365,0.0,0.6353925225885674
676,0.582817780167869,0.848634254257634,0.0,0.6272075053954593
677,0.5775279913055763,0.9216244962980162,0.0,0.6081902099584382
678,0.5805858529015874,0.8084158436307367,0.0,0.6184062707748592
679,0.5871146933416302,0.8538284492942522,0.0,0.6129210221808594
680,0.5816145417395603,0.8172849675394455,0.0,0.6231233447285125
681,0.5778114420644352,0.8656943609129708,0.0,0.6415034705996886
682,0.5822212379969908,0.8967898386829304,0.0,0.6027711950936672
683,0.5707902834656533,0.8738987007231083,0.0,0.6322128903059191
684,0.5653397572174501,0.8319496647366937,0.0,0.6180497575679732
685,0.5781396717167973,0.9518329939752255,0.0,0.6250631921107979
686,0.5788171139995704,0.9297571148512498,0.0,0.6031984376302022
687,0.5839329669984539,0.8921046796834694,0.0,0.6205234385687879
688,0.5652743366327179,0.8160947741202589,0.0,0.612476529075057
689,0.5645102348220482,0.8709193344386119,0.0,0.611606905719663
690,0.5591254279854593,0.9225850363947311,0.0,0.6134141073946912
691,0.5633570350957721,0.8034088442910392,0.0,0.6387353115418938
692,0.5522544461689638,0.8644862950972791,0.0,0.6365642755561624
693,0.5529132942135414,1.0074138945003726,0.0,0.6074463106802194
694,0.5658321319671159,0.9172073107845379,0.0,0.6093203755720125
695,0.5755697334750315,0.9410340651026312,0.0,0.5995414786779342
696,0.5523245606529579,0.9658633335581366,0.0,0.6105055294607549
697,0.5677869384208422,0.9133299375480076,0.0,0.6363129998668036
698,0.5577111674158761,0.9041365699948005,0.0,0.6100220260228778
699,0.5418527355354823,0.9576707223676285,0.0,0.5992047127731253
700,1.2175727937998397,1.0807203211874332,0.0,0.41603836722312293
701,1.0449808897597066,1.0587882860651556,0.0,0.48587803858074036
702,1.005762286132641,1.0475933191911229,0.0,0.49116313631849123
703,0.9781696158848452,0.9900476640125491,0.0,0.5331922899496099
704,0.9492584008849069,1.0443501337519232,0.0,0.4719377517319529
705,0.9514007954115278,1.0125842454298488,0.0,0.49446439316738194
706,0.9158956045515082,0.9430209015900234,0.0,0.5503134365264151
707,0.9067556598213281,0.9551602422066454,0.0,0.5036341065507027
708,0.9070678665396873,0.9348862238650052,0.0,0.533802929024341
709,0.8844560061947683,0.9609341036598638,0.0,0.510056856407917
710,0.891446395268601,0.9193977477415552,0.0,0.5728512303527261
711,0.8699871041801538,0.9146917855964517,0.0,0.5447627893628073
712,0.868376301781515,0.8884960952794777,0.0,0.567261082072564
713,0.8663245270761212,0.9320857873502767,0.0,0.5655236698307614
714,0.8518080754226514,0.90358267865091,0.0,0.590778372603816
715,0.8549486112058833,0.9316245677336207,0.0,0.5335517987253897
716,0.8376123101523753,0.8801362581972806,0.0,0.5670636279579149
717,0.84044544348556,0.8872778708080076,0.0,0.5938989417353372
718,0.8207025084602699,0.9148501832530184,0.0,0.5647425614121264
719,0.8157957959710882,0.8822726798507402,0.0,0.5977053378185246
720,0.7986189930626516,0.8742261675168883,0.0,0.5643677564238545
721,0.7974808272351039,0.8793320790776666,0.0,0.6024159698939908
722,0.8010386150874449,0.8917364264434239,0.0,0.5882698828673321
723,0.7815546858176756,0.8538883542114833,0.0,0.5800356198139032
724,0.7856984974293226,0.8554909487940231,0.0,0.5836341153669364
725,0.764109590348233,0.858008291361467,0.0,0.5855210182160604
726,0.7685246834594213,0.8455464603765955,0.0,0.597110526079347
727,0.7752702935358112,0.9037798294481242,0.0,0.5587940955048163
728,0.7597467676977093,0.9022080358469261,0.0,0.5655498333220057
729,0.7695492385478502,0.8435366479855664,0.0,0.592141865685636
730,0.7687385269095389,0.8813972225729024,0.0,0.5553851636635053
731,0.7612267365616359,0.9166435498111652,0.0,0.577237900938488
732,0.7441417761063308,0.8991795159735769,0.0,0.5937557305623963
733,0.7383359220590484,0.8493598767046658,0.0,0.6021503984412387
734,0.7316523827863544,0.8908010721206665,0.0,0.6086101735405359
735,0.7419438434450814,0.8181517124176025,0.0,0.5901821812838969
736,0.7401044398211362,0.9143408087064635,0.0,0.6123497357955163
737,0.7239712952228075,0.9217281105383387,0.0,0.59883843126754
738,0.7268237748842561,1.008372206732912,0.0,0.5521753214445559
739,0.7268556130066347,0.952082060418039,0.0,0.6021564249279244
740,0.7267904418238094,0.8525441176486466,0.0,0.613211776026611
741,0.7101658727345842,0.994573489674982,0.0,0.5679267259943206
742,0.7144370162085201,0.8564556758358793,0.0,0.6090724286952772
743,0.7212551529487867,0.8373665236077219,0.0,0.5987647405660377
744,0.7077760900004526,0.9322201148518976,0.0,0.5899153721646557
745,0.7048770891146714,0.9317942790265353,0.0,0.5767283138818441
746,0.6984801964813404,0.8709836545980202,0.0,0.6214297234326336
747,0.700954715589459,0.909697267244447,0.0,0.5650939579828184
748,0.6999792902657155,0.9558922749645306,0.0,0.5935205647593532
749,0.674575153830346,0.8655091501631826,0.0,0.6414639077855573
750,0.686741136633948,0.8679470746022351,0.0,0.6311521041143667
751,0.6622010415859436,0.9222729948331725,0.0,0.6069306401924884
752,0.6544985716932276,0.8938126867672183,0.0,0.6287302423399884
753,0.6574087842126911,0.8609131091045883,0.0,0.6016959377751452
754,0.6510831143079179,0.8421603148838259,0.0,0.6276078306963129
755,0.6601609725630685,0.8878279823177265,0.0,0.6256323142626955
756,0.6569736745920074,0.8922428477485225,0.0,0.623942707987089
757,0.6605988108709957,0.8911336592908176,0.0,0.6295431684348379
758,0.6493943664465057,0.8875866712264295,0.0,0.6506745531979968
759,0.642178756601355,0.915523315375706,0.0,0.6542720435938412
760,0.641461035106959,0.896719218425031,0.0,0.6113969573635947
761,0.6477809110384309,0.8672691021325454,0.0,0.6529791716610447
762,0.6446040889520324,0.8829035938910719,0.0,0.6378306120379169
763,0.6313098816389449,0.878909816157143,0.0,0.6456370648409667
764,0.6392560895909084,0.9125519169951385,0.0,0.6384452595486744
765,0.6272609746857976,0.9136568386599703,0.0,0.6495080131678401
766,0.6390393720583969,0.9099768501407696,0.0,0.6418938744609746
767,0.6390552374754059,0.9401118429201953,0.0,0.6141349670283762
768,0.6363483387432741,0.922915054942077,0.0,0.6254528930688916
769,0.6417565391974502,0.8992741760217918,0.0,0.6421575461759633
770,0.6300039066357559,0.9576155869465954,0.0,0.6237887276127887
771,0.6354390392142735,0.8730642030823905,0.0,0.6347004161311008
772,0.6107695426833764,0.9297977944590011,0.0,0.6327056425541734
773,0.6357992544602812,0.9179158728077726,0.0,0.6409178019873147
774,0.6264638839143046,0.9234066920460395,0.0,0.6404255477668572
775,0.6209441443507591,0.9352115853777472,0.0,0.6480330456156478
776,0.6132472440098109,0.957751305598133,0.0,0.6351632864555349
777,0.6096011215381408,0.9298600217081466,0.0,0.6361387630567504
778,0.6189636579390322,0.9756884912274918,0.0,0.6213435496361223
779,0.6073211469007342,0.9526769395144481,0.0,0.6215626243958339
780,0.6112273508243347,0.9237646415548505,0.0,0.5996971002547267
781,0.6123343369264281,0.8930110605257862,0.0,0.6232469839468943
782,0.608803379267789,0.925480251042348,0.0,0.6271349250554062
783,0.6120939696772715,0.9644564581367204,0.0,0.6462192582864575
784,0.6163933944166377,0.9756044048183369,0.0,0.6441318309140648
785,0.6152094877168034,0.9554285654481852,0.0,0.6313846224791664
786,0.6079486656724737,0.895606166911575,0.0,0.643250956747254
787,0.6144255390327968,0.9232328151756862,0.0,0.6511636566772576
788,0.6034082581487934,0.9437689961127516,0.0,0.6483874392580131
789,0.5916064259711277,0.9221614779166456,0.0,0.6312269144795148
790,0.6118050565880336,1.0163696172102443,0.0,0.6207510292541374
791,0.6034627998812815,0.9875076863000978,0.0,0.6145471872887923
792,0.5888539819235212,0.8885718156706612,0.0,0.6257035853052284
793,0.5935725421048282,0.9608670979175927,0.0,0.6156818623261568
794,0.5837983984625741,0.9298222885941559,0.0,0.6364626826317868
795,0.6104879037717755,1.0056573253757548,0.0,0.6148652783100728
796,0.6026774478762338,1.0289940384199034,0.0,0.6321946457206007
797,0.5844160054506881,1.0053181693239033,0.0,0.6185562580231707
798,0.5896500930357516,0.9240704325010192,0.0,0.65370470078366
799,0.5868612179595433,0.9671033879496017,0.0,0.6367260895020739
800,1.1612546189447468,1.0287333749375254,0.0,0.502318036646138
801,1.0391305319378885,1.0410509356912576,0.0,0.4692436053838036
802,0.9972669004054552,1.0096074950020268,0.0,0.5200059360498758
803,0.9850393584605014,1.0245313689393818,0.0,0.5003537004522953
804,0.9658396130197504,1.0119932260153428,0.0,0.4936860225641505
805,0.9527351325817323,0.9841563049352394,0.0,0.511762621570097
806,0.9190208678834894,0.9577460896294072,0.0,0.5219714808033753
807,0.9184938754928246,0.9643882085692208,0.0,0.5180834352991752
808,0.9107460560423605,1.034522256761227,0.0,0.49867427352675114
809,0.9043936495030864,1.0246090810253936,0.0,0.47569477501983404
810,0.8943876855828788,0.9956181791593444,0.0,0.43512170086299706
811,0.8780762961741244,0.9428370988593912,0.0,0.5260032827097282
812,0.895328968964266,1.012837754105622,0.0,0.44592475240294815
813,0.8778129743726066,0.9390441584137251,0.0,0.4918186138474028
814,0.8789011132851076,0.9551398214304222,0.0,0.5389393461883674
815,0.8564486290631669,0.8923509750726089,0.0,0.5529870298899552
816,0.8454645167575794,1.0347150991547782,0.0,0.5168532482426872
817,0.8453055376417181,0.9338188441294544,0.0,0.5759133191713074
818,0.8480982228611292,0.9661541772338579,0.0,0.5130928151440718
819,0.8448131255889206,0.9090190158700043,0.0,0.5419648967365703
820,0.830362337894654,0.9396378993988037,0.0,0.5573742840950264
821,0.840285538287645,0.8753019661273597,0.0,0.5533932487153098
822,0.8342956599224819,0.9343928571017284,0.0,0.5300005791210973
823,0.8265908430131633,0.9046056967861248,0.0,0.5532537423401431
824,0.806300510985128,0.8782537073459266,0.0,0.5401730241235919
825,0.8181686717472719,0.9707894662641129,0.0,0.5728514591553134
826,0.8074418580933903,0.8459384823745152,0.0,0.5787181742165429
827,0.8042271252428548,0.884228101316488,0.0,0.5510023235213938
828,0.8038721965939811,0.9111397794957431,0.0,0.5369172384085035
829,0.7994183754653074,0.8771375192786163,0.0,0.5674220281449264
830,0.7861889986509687,0.9139315069846388,0.0,0.5692254510941442
831,0.7903610853666669,0.8777040737979817,0.0,0.5715589117699477
832,0.7844141473930873,0.854344442205609,0.0,0.5784582908768744
833,0.7927943257803327,0.9151873554823533,0.0,0.5664151019193494
834,0.7883108176542132,0.8839675907818776,0.0,0.5757494489778704
835,0.7947003199813071,0.9108933379065316,0.0,0.5643765609171265
836,0.7809551454661937,0.9111767399985835,0.0,0.5372358617453161
837,0.7749218954129166,0.8978036777028497,0.0,0.5609359044493071
838,0.7800489637289154,0.847978135324874,0.0,0.5525540245007274
839,0.7692715845750959,0.9001218687813237,0.0,0.5891916127803968
840,0.7565731782591745,0.8972798889538027,0.0,0.5711285280896524
841,0.769217129771629,0.8528605699539185,0.0,0.6119364066467982
842,0.7353367774674062,0.8789326289914688,0.0,0.601102506980111
843,0.7710428492406781,0.9375671058330896,0.0,0.5597098195248906
844,0.7770254419091043,0.9237920225791212,0.0,0.5812193880102153
845,0.7527221393719148,0.8371719864179503,0.0,0.6015886332589173
846,0.7482057145472323,0.863401230776085,0.0,0.5956116530875899
847,0.7506358023439901,0.8547540397014258,0.0,0.5842471385844801
848,0.7301105473148689,0.8767573068726737,0.0,0.5727444055093542
849,0.7368408160263233,0.9801319533923887,0.0,0.5488837795800817
850,0.7341703650656711,0.9175577107465492,0.0,0.5637846953967327
851,0.7181399641412027,0.8875268765215604,0.0,0.5574895879722325
852,0.7167135262757205,0.8584229496290099,0.0,0.6125274088875529
853,0.7012711199481836,0.8675470914480821,0.0,0.6094842053364131
854,0.7049958778231331,0.893704724761675,0.0,0.5686433462983141
855,0.7006096490313498,0.8797709390802203,0.0,0.5812488863529861
856,0.7109845216354628,0.8537564862449214,0.0,0.6203204808797161
857,0.7085217644659321,0.9115712575192721,0.0,0.5919246436129012
858,0.6943603829051671,0.8950916989794317,0.0,0.5780500500489942
859,0.6931801443689325,0.8774170695610766,0.0,0.6141808857634238
860,0.697255631511131,0.8910252305696595,0.0,0.6162774015201449
861,0.689054926995481,0.9054170711985174,0.0,0.597259751308134
862,0.6930322053727139,0.8946063057431635,0.0,0.5907806352520982
863,0.6979570220025738,0.8611690210846236,0.0,0.5945097218522831
864,0.6946069682582041,0.8806878901877493,0.0,0.5967763060131108
865,0.6972599198309223,0.924259529923493,0.0,0.5789323120218542
866,0.6855243101548613,0.8932167336625872,0.0,0.5862720120940709
867,0.6787169448445353,0.8864660420507755,0.0,0.6077532257067999
868,0.685208285256718,0.8667796715250555,0.0,0.5945361266869292
869,0.6920990366614267,0.9207376815238089,0.0,0.5952140898931334
870,0.6775349351127496,0.8634232406346303,0.0,0.6048819484007487
871,0.6831009311622448,0.8538262068100695,0.0,0.6168718635140493
872,0.6888039539369305,0.8727123872289118,0.0,0.5999809188562137
873,0.6737939009505711,0.9229880785042385,0.0,0.5723121472374595
874,0.673735194125872,0.8437495265366897,0.0,0.6072205729537503
875,0.6763673897539632,0.8737549601860766,0.0,0.5944722601069122
876,0.6828502065010285,0.8448077046646262,0.0,0.6344848507180446
877,0.6676553067196621,0.97188992770213,0.0,0.5909068720781604
878,0.6663125024752671,0.8920928296053184,0.0,0.5892402173756771
879,0.6731075552072417,0.8559579793012367,0.0,0.6102764758119875
880,0.675306742914607,0.8686024063038376,0.0,0.6004580032558261
881,0.6670459282532167,0.8440627680634553,0.0,0.6240461257782538
882,0.6738090531209882,0.8866060533613529,0.0,0.6250816358874263
883,0.6605497343486615,0.9014253054025039,0.0,0.6009550790683674
884,0.6745578873023558,0.8479727259222066,0.0,0.6183353379861192
885,0.6595857949739092,0.8418399938997233,0.0,0.6257085990522466
886,0.6605182399910488,0.8755809586003142,0.0,0.6093119517674885
887,0.6764950701359952,0.8733492234967789,0.0,0.6009783227946113
888,0.6484366569626198,0.9057875680473616,0.0,0.6205499763011535
889,0.6788372534044673,0.8595048132932411,0.0,0.6085058438312766
890,0.6580020636654972,0.8510119476408329,0.0,0.6252872597132506
891,0.649225588260072,0.9072420585830256,0.0,0.6012625384616415
892,0.6521328071529946,0.8700127444177304,0.0,0.599057164783744
893,0.6417205922389299,0.8802824414001321,0.0,0.5992264470432106
894,0.6580255103914925,0.8900775639516003,0.0,0.5990536571933558
895,0.6402206785223458,0.8765444496892533,0.0,0.6266570807808121
896,0.661019626360261,0.9091220745500529,0.0,0.6255879268302433
897,0.6555824106998658,0.861797681394613,0.0,0.6464865906526888
898,0.6606865775719117,0.8667131718599571,0.0,0.6153781397291768
899,0.6505985482355182,0.8442716002464294,0.0,0.6308503399861562
900,1.2337331281619126,1.0208106130923864,0.0,0.4568806170337161
901,1.0120832065517982,0.9936874790011712,0.0,0.5217244221546911
902,1.010057294234801,0.9827601977114407,0.0,0.5407911584292654
903,0.9858849833520611,0.9679315472548863,0.0,0.517898329658734
904,0.9678963487067919,0.9749970413603872,0.0,0.5276321417287538
905,0.9566461889931325,1.1116421425117637,0.0,0.47087820902468724
906,0.9517489793595303,0.9506084086760035,0.0,0.5119105580950374
907,0.9265021688482734,0.9608352071834061,0.0,0.5535058474795955
908,0.9102386541580886,0.9487531095180871,0.0,0.5146189266634799
909,0.9028320430369859,0.9385176559664169,0.0,0.5384832008318349
910,0.8842678206690242,0.9223793160240605,0.0,0.5426939080629481
911,0.8827534334043439,0.8852690840667149,0.0,0.5555736520939794
912,0.8659363902016972,0.9021404531766783,0.0,0.5547598056305104
913,0.8569458242882504,0.9497538692546341,0.0,0.5413812379632518
914,0.8484012678767858,0.9723648485147728,0.0,0.5434395338898921
915,0.8490390922246355,0.9182711603506556,0.0,0.5897858318985533
916,0.8372323667065481,0.9028537700761039,0.0,0.56264101715305
917,0.8273810825990827,0.8934239149093628,0.0,0.5847936726024158
918,0.8135698918546184,0.8888430145551574,0.0,0.5787127754769295
919,0.8144950055004505,0.9315820077680191,0.0,0.5842070368862143
920,0.8034949348213968,0.8473557053871874,0.0,0.5774169304323112
921,0.8040637072552456,0.8643695003581497,0.0,0.5821009972885497
922,0.794632497664248,1.0612081806614715,0.0,0.5564770276085144
923,0.8075576208950428,0.8596199705915631,0.0,0.5883424837825828
924,0.7859438738126433,0.8692526344983083,0.0,0.6035462129931154
925,0.7679539594757423,0.837640256251929,0.0,0.6204886622656818
926,0.786639666557312,0.8213106326337131,0.0,0.6125776050199159
927,0.7678005483713043,0.8980637338926207,0.0,0.5722889999984307
928,0.7667029370082898,0.8334375237518886,0.0,0.6309014953114961
929,0.767422064569559,0.908925083448302,0.0,0.5547843020313742
930,0.7538229481557782,0.8203342624430386,0.0,0.6205781557503345
931,0.7458632908510359,0.8028499427831398,0.0,0.640636980653429
932,0.7517859342392911,0.8340697738359559,0.0,0.6295770620469966
933,0.7481595717119367,0.8274147173143783,0.0,0.623892397407108
934,0.734571696801132,0.7911951361962084,0.0,0.6388141073753848
935,0.7380242529879795,0.8373672557326982,0.0,0.6138738151558067
936,0.7526365980673372,0.7843100912166092,0.0,0.6282358995097805
937,0.729001607519857,0.7701263506457491,0.0,0.6155639939927477
938,0.7222666386807902,0.8203001393462127,0.0,0.6107339542870933
939,0.7190551197930668,0.7814618978860244,0.0,0.6187583293598107
940,0.7085633861884643,0.778719997630929,0.0,0.6211814976206076
941,0.7214603045013513,0.7866536772476053,0.0,0.6279418855155223
942,0.7163757312163878,0.7712936986167476,0.0,0.6104833556777342
943,0.7171698015727354,0.7926940603076287,0.0,0.6184832836507926
944,0.7080265836769275,0.8313550870373564,0.0,0.6243687712345706
945,0.6977441008171339,0.7838770972107941,0.0,0.6238499607201549
946,0.7028556735328074,0.7728915428215603,0.0,0.6371679511798326
947,0.6935384541415097,0.7825959695959991,0.0,0.6437866895294395
948,0.6990117215038685,0.8151146971954489,0.0,0.6253062454686377
949,0.6973099238417122,0.7438418606542191,0.0,0.6393096858419247
950,0.690154334400477,0.8111712505232613,0.0,0.6259400295426073
951,0.6703642541103149,0.7745716065730689,0.0,0.6478681464003473
952,0.6597745620802548,0.8013056584124295,0.0,0.621258131768889
953,0.6575010065282328,0.7861988094617736,0.0,0.6266908245289023
954,0.6561154014608833,0.7619605368038394,0.0,0.6497442573130101
955,0.6406214850002461,0.797895852124916,0.0,0.6444192552101331
956,0.6571353691347529,0.7761980812504606,0.0,0.649248659661989
957,0.6415462686774436,0.786255677915969,0.0,0.6373027104118374
958,0.6428130783391802,0.8059248418178199,0.0,0.6444492268294368
959,0.642517608471131,0.7630664222645309,0.0,0.6257696953849556
960,0.6424991349825698,0.7656658584216856,0.0,0.6318049436378574
961,0.6479568912741843,0.7861503801255856,0.0,0.6212249947701972
962,0.6250594101595075,0.7483906059894921,0.0,0.6454665847044984
963,0.6335813822371237,0.7746233692709005,0.0,0.6563073343534906
964,0.6259987651632073,0.7758248099740946,0.0,0.6417290928033887
965,0.6264164919263862,0.7819839299849745,0.0,0.6427062810753255
966,0.6307304786832145,0.7989261960083583,0.0,0.618925391962423
967,0.6305493429805455,0.7880251103976987,0.0,0.6292986029952631
968,0.6362869560048822,0.764702504535891,0.0,0.6295769680273162
969,0.6221585000498911,0.8019739052034774,0.0,0.6181408340488309
970,0.6295770104011793,0.7709087605746288,0.0,0.646533912744925
971,0.6060764255148641,0.798209086903986,0.0,0.6426552123882248
972,0.611664467514231,0.794191263756662,0.0,0.6305545706214783
973,0.624134977479999,0.7650788977461042,0.0,0.6422257235046972
974,0.6239843095286509,0.725533958875908,0.0,0.6417590435465329
975,0.6268012299966277,0.7269091977263397,0.0,0.6507811323943097
976,0.609549300858144,0.750669742530247,0.0,0.6418582866076694
977,0.5961206607604295,0.8087490459658065,0.0,0.6358376470552134
978,0.6067943782618876,0.7740697118471254,0.0,0.6362159548575894
979,0.6090781363208643,0.7855419853948197,0.0,0.6375106414028429
980,0.6082048705454622,0.783582127319192,0.0,0.6358559144637406
981,0.6100068005283227,0.7825863901174294,0.0,0.6403720205324037
982,0.6153796311174886,0.8149984703873688,0.0,0.6235019751781629
983,0.6054781890987011,0.7813764158284889,0.0,0.630445946520109
984,0.5979289381691579,0.7899136520781607,0.0,0.6240359775527129
985,0.5891198235951113,0.7752332102577641,0.0,0.6533032654240412
986,0.6023741543962714,0.7495463636686217,0.0,0.6600628204281249
987,0.5952071705561006,0.7856873757434342,0.0,0.6379553637773223
988,0.600613186332617,0.8192623460067893,0.0,0.629104493311023
989,0.5903554415434934,0.7880865751572375,0.0,0.6264292840157644
990,0.5889850286955244,0.7842982568830814,0.0,0.619274947372748
991,0.5992081553748484,0.8032551115413882,0.0,0.6361888985224844
992,0.6093518640218156,0.8756159960098986,0.0,0.6192358446776632
993,0.5806737892413407,0.8020006350751193,0.0,0.6304615914411414
994,0.5973158828328164,0.8081141305419633,0.0,0.6466606179853385
995,0.5992012497414364,0.7617037824864658,0.0,0.6424528185037234
996,0.5869471887524208,0.7995947914303474,0.0,0.6626894604269681
997,0.577563608730777,0.7863159629533876,0.0,0.6346374618247511
998,0.5816130030021239,0.7679908185634973,0.0,0.6480755432405143
999,0.5819631892643617,0.7928286622155387,0.0,0.6244208527905888
